Tavole di mortalità della popolazione residente - Ripartizione: Italia - Femmine - Anno: 2006
Età;Sopravviventi;Decessi;Probabilità di morte (per mille);Anni vissuti;Probabilità prospettive di sopravvivenza;Speranza di vita
0;100000;304;3,03919;99714;0,9997232;83,884
1;99696;19;0,19404;99686;0,9998240;83,138
2;99677;16;0,15790;99669;0,9998551;82,154
3;99661;13;0,13187;99654;0,9998777;81,167
4;99648;11;0,11278;99642;0,9998928;80,177
5;99637;10;0,10160;99632;0,9999056;79,186
6;99626;9;0,08724;99622;0,9999125;78,194
7;99618;9;0,08784;99613;0,9999193;77,201
8;99609;7;0,07362;99605;0,9999259;76,208
9;99602;7;0,07459;99598;0,9999243;75,213
10;99594;8;0,07675;99590;0,9999216;74,219
11;99587;8;0,08014;99583;0,9999160;73,225
12;99579;9;0,08786;99574;0,9999054;72,231
13;99570;10;0,10130;99565;0,9998887;71,237
14;99560;12;0,12130;99554;0,9998679;70,244
15;99548;14;0,14287;99541;0,9998461;69,252
16;99534;16;0,16484;99525;0,9998257;68,262
17;99517;18;0,18386;99508;0,9998092;67,273
18;99499;20;0,19768;99489;0,9997991;66,286
19;99479;20;0,20414;99469;0,9997935;65,299
20;99459;21;0,20883;99448;0,9997923;64,312
21;99438;21;0,20659;99428;0,9997917;63,325
22;99418;21;0,21001;99407;0,9997869;62,338
23;99397;21;0,21618;99386;0,9997871;61,351
24;99375;21;0,20966;99365;0,9997829;60,364
25;99354;22;0,22460;99343;0,9997750;59,377
26;99332;22;0,22549;99321;0,9997610;58,390
27;99310;25;0,25245;99297;0,9997444;57,403
28;99285;26;0,25880;99272;0,9997345;56,418
29;99259;27;0,27227;99245;0,9997234;55,432
30;99232;28;0,28090;99218;0,9997116;54,447
31;99204;29;0,29591;99189;0,9996935;53,462
32;99175;31;0,31705;99159;0,9996734;52,478
33;99143;33;0,33607;99126;0,9996500;51,494
34;99110;36;0,36402;99092;0,9996180;50,512
35;99074;40;0,40001;99054;0,9995770;49,530
36;99034;44;0,44600;99012;0,9995325;48,549
37;98990;48;0,48893;98966;0,9994845;47,571
38;98942;54;0,54206;98915;0,9994304;46,594
39;98888;59;0,59712;98858;0,9993704;45,619
40;98829;65;0,66206;98796;0,9993060;44,646
41;98763;72;0,72597;98728;0,9992364;43,675
42;98692;79;0,80128;98652;0,9991638;42,706
43;98613;86;0,87115;98570;0,9990804;41,740
44;98527;95;0,96809;98479;0,9989876;40,776
45;98431;104;1,05670;98379;0,9988854;39,815
46;98327;115;1,17247;98270;0,9987656;38,857
47;98212;127;1,29633;98148;0,9986467;37,902
48;98085;138;1,41038;98016;0,9985189;36,950
49;97946;152;1,55201;97870;0,9983675;36,002
50;97794;168;1,71317;97711;0,9982161;35,057
51;97627;181;1,85481;97536;0,9980451;34,116
52;97446;200;2,05519;97346;0,9978316;33,179
53;97246;222;2,28190;97135;0,9976351;32,246
54;97024;238;2,44805;96905;0,9974452;31,319
55;96786;258;2,66190;96657;0,9972199;30,394
56;96528;280;2,89869;96389;0,9969493;29,474
57;96249;308;3,20317;96095;0,9966779;28,558
58;95940;330;3,44149;95775;0,9964015;27,649
59;95610;359;3,75602;95431;0,9960681;26,742
60;95251;391;4,10852;95055;0,9956867;25,841
61;94860;429;4,51900;94645;0,9953130;24,946
62;94431;459;4,85571;94202;0,9948587;24,057
63;93973;510;5,42819;93717;0,9943334;23,172
64;93462;552;5,90640;93186;0,9938185;22,295
65;92910;600;6,45821;92610;0,9932306;21,425
66;92310;654;7,08262;91983;0,9926527;20,561
67;91657;698;7,61386;91308;0,9920339;19,704
68;90959;757;8,32114;90580;0,9912004;18,851
69;90202;837;9,28199;89783;0,9900904;18,005
70;89365;942;10,54304;88893;0,9887542;17,169
71;88422;1057;11,95597;87894;0,9872979;16,347
72;87365;1176;13,45722;86777;0,9856370;15,539
73;86190;1317;15,28124;85531;0,9837899;14,744
74;84872;1456;17,15343;84145;0,9818074;13,965
75;83417;1606;19,24994;82614;0,9794574;13,200
76;81811;1788;21,86061;80917;0,9766564;12,449
77;80022;1989;24,85978;79028;0,9733404;11,716
78;78033;2224;28,50525;76921;0,9693623;11,002
79;75809;2489;32,83275;74564;0,9648281;10,310
80;73320;2756;37,59052;71942;0,9594909;9,643
81;70564;3072;43,54159;69027;0,9531739;9,000
82;67491;3392;50,26009;65795;0,9462772;8,387
83;64099;3677;57,36866;62260;0,9393702;7,805
84;60422;3872;64,08940;58486;0,9329865;7,249
85;56549;3966;70,13781;54566;0,9262971;6,712
86;52583;4077;77,53681;50545;0,9164080;6,180
87;48506;4373;90,15624;46319;0,9002225;5,658
88;44133;4870;110,35210;41698;0,8794623;5,169
89;39263;5182;131,98676;36672;0,8584541;4,748
90;34081;5199;152,55861;31481;0,8391660;4,394
91;28881;4927;170,59924;26418;0,8242144;4,095
92;23954;4361;182,03878;21774;0,8123898;3,834
93;19594;3809;194,42157;17689;0,7992245;3,576
94;15784;3294;208,66297;14137;0,7826799;3,318
95;12491;2851;228,25989;11065;0,7620873;3,062
96;9639;2414;250,42052;8433;0,7397344;2,819
97;7226;1975;273,39968;6238;0,7158773;2,594
98;5250;1569;298,88038;4466;0,6894984;2,382
99;3681;1204;327,07672;3079;0,6606957;2,184
100;2477;885;357,47524;2034;0,6300420;2,003
101;1592;620;389,38562;1282;0,5985453;1,839
102;972;409;421,22029;767;0,5668518;1,693
103;562;255;453,75681;435;0,5345940;1,561
104;307;150;486,73204;232;0,5020288;1,442
105;158;82;519,86841;117;0,4694215;1,335
106;76;42;552,88502;55;0,4370374;1,239
107;34;20;585,50165;24;0,4051349;1,154
108;14;9;617,45487;10;0,3739539;1,077
109;5;3;648,50415;4;0,3437117;1,009
110;2;1;678,43390;1;0,3145996;0,948
111;1;0;707,06456;0;0,2867751;0,894
112;0;0;734,25474;0;0,2603614;0,847
113;0;0;759,89820;0;0,2354497;0,804
114;0;0;783,92594;0;0,2120978;0,766
115;0;0;806,30422;0;0,1903326;0,733
116;0;0;827,03059;0;0,1701536;0,704
117;0;0;846,12582;0;0,1515389;0,678
118;0;0;863,63802;0;0,1344433;0,655
119;0;0;879,62749;0;0,1188098;0,634
