Tavole di mortalità della popolazione residente - Ripartizione: Italia - Maschi - Anno: 2006
Età;Sopravviventi;Decessi;Probabilità di morte (per mille);Anni vissuti;Probabilità prospettive di sopravvivenza;Speranza di vita
0;100000;367;3,66916;99655;0,9996504;78,427
1;99633;26;0,26482;99620;0,9997701;77,714
2;99607;19;0,19491;99597;0,9998282;76,734
3;99587;15;0,14869;99580;0,9998658;75,749
4;99572;12;0,11973;99567;0,9998850;74,760
5;99561;11;0,11017;99555;0,9998940;73,769
6;99550;10;0,10180;99545;0,9999009;72,777
7;99539;10;0,09650;99535;0,9999047;71,784
8;99530;9;0,09407;99525;0,9999078;70,791
9;99520;9;0,09029;99516;0,9999095;69,798
10;99511;9;0,09080;99507;0,9999050;68,804
11;99502;10;0,09914;99498;0,9998872;67,810
12;99493;13;0,12643;99486;0,9998593;66,817
13;99480;15;0,15506;99472;0,9998195;65,825
14;99465;20;0,20586;99454;0,9997564;64,836
15;99444;28;0,28144;99430;0,9996716;63,849
16;99416;37;0,37543;99397;0,9995729;62,867
17;99379;48;0,47889;99355;0,9994776;61,890
18;99331;56;0,56594;99303;0,9994001;60,919
19;99275;63;0,63390;99244;0,9993406;59,954
20;99212;68;0,68488;99178;0,9992979;58,991
21;99144;71;0,71935;99108;0,9992714;58,031
22;99073;73;0,73790;99036;0,9992527;57,073
23;99000;75;0,75665;98962;0,9992456;56,115
24;98925;74;0,75225;98888;0,9992400;55,157
25;98850;76;0,76767;98812;0,9992244;54,198
26;98774;77;0,78355;98736;0,9992109;53,239
27;98697;78;0,79473;98658;0,9992055;52,280
28;98619;78;0,79435;98579;0,9992069;51,322
29;98540;78;0,79183;98501;0,9992161;50,362
30;98462;76;0,77588;98424;0,9992221;49,402
31;98386;77;0,77989;98348;0,9992206;48,440
32;98309;77;0,77890;98271;0,9992176;47,477
33;98233;77;0,78595;98194;0,9991964;46,514
34;98155;81;0,82133;98115;0,9991559;45,550
35;98075;85;0,86693;98032;0,9991115;44,587
36;97990;89;0,91018;97945;0,9990535;43,625
37;97901;96;0,98286;97852;0,9989782;42,664
38;97804;104;1,06074;97752;0,9988894;41,706
39;97701;113;1,16050;97644;0,9987941;40,750
40;97587;122;1,25132;97526;0,9987025;39,796
41;97465;131;1,34372;97400;0,9986077;38,846
42;97334;140;1,44091;97264;0,9984968;37,897
43;97194;152;1,56559;97118;0,9983597;36,951
44;97042;166;1,71511;96958;0,9982049;36,008
45;96875;182;1,87522;96784;0,9980458;35,069
46;96694;197;2,03341;96595;0,9978621;34,134
47;96497;216;2,24269;96389;0,9976495;33,203
48;96281;237;2,45851;96162;0,9974170;32,276
49;96044;260;2,70777;95914;0,9971459;31,355
50;95784;287;3,00089;95640;0,9968467;30,438
51;95496;316;3,30612;95339;0,9965271;29,529
52;95181;346;3,64030;95007;0,9961291;28,625
53;94834;389;4,10244;94640;0,9956692;27,728
54;94445;431;4,56005;94230;0,9951777;26,840
55;94014;478;5,08570;93775;0,9946350;25,960
56;93536;528;5,64578;93272;0,9940202;25,091
57;93008;587;6,31574;92715;0,9934862;24,230
58;92421;620;6,71304;92111;0,9929906;23,381
59;91800;671;7,30770;91465;0,9923277;22,536
60;91130;733;8,03968;90763;0,9914786;21,698
61;90397;814;9,00699;89990;0,9905134;20,870
62;89583;893;9,97050;89136;0,9893476;20,055
63;88689;1006;11,34116;88187;0,9881323;19,252
64;87684;1087;12,40018;87140;0,9870647;18,467
65;86596;1167;13,47710;86013;0,9859371;17,692
66;85429;1252;14,65670;84803;0,9848146;16,927
67;84177;1323;15,72201;83515;0,9835824;16,172
68;82854;1419;17,12422;82144;0,9820043;15,422
69;81435;1538;18,88237;80666;0,9798965;14,682
70;79897;1706;21,34813;79044;0,9773776;13,955
71;78192;1871;23,92446;77256;0,9747589;13,248
72;76321;2029;26,58993;75306;0,9718036;12,561
73;74292;2217;29,84683;73183;0,9684718;11,890
74;72074;2397;33,26122;70876;0,9650284;11,241
75;69677;2560;36,74081;68397;0,9609562;10,610
76;67117;2781;41,43460;65726;0,9562987;9,996
77;64336;2964;46,06594;62854;0,9514840;9,406
78;61372;3135;51,08438;59805;0,9461076;8,836
79;58237;3311;56,85151;56582;0,9398912;8,285
80;54926;3491;63,56245;53181;0,9326119;7,755
81;51435;3676;71,47336;49597;0,9237242;7,247
82;47759;3890;81,44782;45814;0,9139634;6,766
83;43869;3993;91,03217;41872;0,9046051;6,322
84;39875;3995;100,19459;37878;0,8966503;5,905
85;35880;3834;106,85621;33963;0,8885657;5,507
86;32046;3735;116,56014;30178;0,8772706;5,106
87;28311;3672;129,71268;26475;0,8599390;4,714
88;24639;3744;151,95165;22767;0,8379123;4,342
89;20895;3637;174,03992;19076;0,8174745;4,030
90;17258;3327;192,79908;15594;0,7999065;3,774
91;13931;2913;209,13014;12474;0,7865073;3,556
92;11017;2413;219,00881;9811;0,7752135;3,363
93;8605;1998;232,18436;7606;0,7619341;3,166
94;6607;1623;245,72606;5795;0,7486420;2,973
95;4983;1290;258,82478;4338;0,7311200;2,778
96;3693;1043;282,44666;3172;0,7088727;2,574
97;2650;804;303,22492;2248;0,6873465;2,390
98;1847;602;326,18522;1545;0,6638726;2,213
99;1244;437;350,88255;1026;0,6373432;2,042
100;808;308;380,79577;654;0,6065801;1,876
101;500;207;413,80766;397;0,5740325;1,723
102;293;131;446,71139;228;0,5413535;1,586
103;162;78;480,21782;123;0,5082119;1,462
104;84;43;514,04796;63;0,4748797;1,351
105;41;22;547,90524;30;0,4416374;1,252
106;19;11;581,49357;13;0,4087624;1,162
107;8;5;614,52031;5;0,3765224;1,083
108;3;2;646,71439;2;0,3451639;1,012
109;1;1;677,82534;1;0,3149103;0,949
110;0;0;707,63744;0;0,2859529;0,893
111;0;0;735,97078;0;0,2584487;0,843
112;0;0;762,68741;0;0,2325179;0,799
113;0;0;787,68638;0;0,2082468;0,760
114;0;0;810,90786;0;0,1856862;0,726
115;0;0;832,32618;0;0,1648559;0,696
116;0;0;851,94993;0;0,1457465;0,670
117;0;0;869,81293;0;0,1283256;0,647
118;0;0;885,97328;0;0,1125393;0,626
119;0;0;900,50535;0;0,0983190;0,609
