Tavole di mortalità della popolazione residente - Ripartizione: Nord - Maschi - Anno: 2014
Età;Sopravviventi;Decessi;Probabilità di morte (per mille);Anni vissuti;Probabilità prospettive di sopravvivenza;Speranza di vita
0;100000;290;2,90452;99727;0,9997127;80,726
1;99710;23;0,23087;99698;0,9997928;79,960
2;99687;18;0,18343;99677;0,9998361;78,978
3;99668;14;0,14443;99661;0,9998706;77,993
4;99654;11;0,11427;99648;0,9998959;77,004
5;99642;9;0,09395;99638;0,9999095;76,013
6;99633;9;0,08700;99629;0,9999170;75,020
7;99624;8;0,07905;99620;0,9999216;74,026
8;99617;8;0,07779;99613;0,9999223;73,032
9;99609;8;0,07753;99605;0,9999237;72,038
10;99601;7;0,07497;99597;0,9999227;71,043
11;99594;8;0,07958;99590;0,9999150;70,048
12;99586;9;0,09039;99581;0,9998997;69,054
13;99577;11;0,11025;99571;0,9998753;68,060
14;99566;14;0,13925;99559;0,9998395;67,068
15;99552;18;0,18177;99543;0,9997936;66,077
16;99534;23;0,23101;99522;0,9997424;65,089
17;99511;28;0,28415;99497;0,9996929;64,104
18;99482;33;0,33006;99466;0,9996523;63,122
19;99450;36;0,36527;99431;0,9996217;62,143
20;99413;39;0,39130;99394;0,9996000;61,165
21;99374;41;0,40868;99354;0,9995821;60,189
22;99334;42;0,42705;99313;0,9995572;59,213
23;99291;46;0,45847;99269;0,9995302;58,238
24;99246;48;0,48118;99222;0,9995119;57,265
25;99198;49;0,49502;99174;0,9995050;56,292
26;99149;49;0,49503;99124;0,9995165;55,320
27;99100;47;0,47188;99077;0,9995358;54,347
28;99053;45;0,45643;99031;0,9995406;53,372
29;99008;46;0,46237;98985;0,9995331;52,396
30;98962;47;0,47137;98939;0,9995072;51,420
31;98916;51;0,51420;98890;0,9994667;50,444
32;98865;55;0,55250;98837;0,9994318;49,470
33;98810;58;0,58399;98781;0,9993869;48,497
34;98752;63;0,64217;98721;0,9993529;47,525
35;98689;64;0,65196;98657;0,9993250;46,555
36;98625;69;0,69811;98590;0,9992826;45,586
37;98556;73;0,73671;98519;0,9992344;44,617
38;98483;78;0,79459;98444;0,9991964;43,650
39;98405;80;0,81259;98365;0,9991600;42,684
40;98325;85;0,86734;98282;0,9991041;41,718
41;98240;91;0,92446;98194;0,9990250;40,754
42;98149;101;1,02566;98098;0,9989178;39,791
43;98048;112;1,13875;97992;0,9987907;38,832
44;97936;125;1,27988;97874;0,9986511;37,875
45;97811;139;1,41796;97742;0,9984980;36,923
46;97672;155;1,58624;97595;0,9983164;35,975
47;97518;174;1,78113;97431;0,9981083;35,031
48;97344;195;2,00241;97246;0,9979022;34,093
49;97149;213;2,19339;97042;0,9977084;33,160
50;96936;232;2,39004;96820;0,9974901;32,232
51;96704;254;2,63000;96577;0,9972060;31,308
52;96450;285;2,95837;96307;0,9969031;30,389
53;96164;311;3,23576;96009;0,9966229;29,478
54;95853;337;3,51884;95685;0,9963065;28,572
55;95516;370;3,86872;95331;0,9959520;27,671
56;95146;402;4,22804;94945;0,9955184;26,777
57;94744;449;4,73629;94520;0,9949871;25,888
58;94295;499;5,29088;94046;0,9944209;25,009
59;93797;550;5,86883;93521;0,9938437;24,139
60;93246;601;6,44540;92946;0,9931371;23,279
61;92645;675;7,28315;92308;0,9922786;22,427
62;91970;751;8,16277;91595;0,9913094;21,588
63;91220;841;9,22279;90799;0,9903338;20,761
64;90378;914;10,11382;89921;0,9893535;19,950
65;89464;1001;11,18457;88964;0,9883682;19,149
66;88464;1069;12,08411;87929;0,9873136;18,359
67;87395;1162;13,29598;86814;0,9860514;17,578
68;86233;1260;14,61011;85603;0,9846544;16,808
69;84973;1367;16,09207;84289;0,9832740;16,050
70;83605;1452;17,37039;82879;0,9816153;15,304
71;82153;1595;19,41686;81356;0,9797127;14,566
72;80558;1706;21,17499;79705;0,9777932;13,844
73;78852;1834;23,26088;77935;0,9756096;13,133
74;77018;1968;25,54684;76034;0,9735167;12,434
75;75050;2060;27,44441;74021;0,9711438;11,747
76;72991;2212;30,30788;71885;0,9675958;11,064
77;70778;2447;34,56611;69555;0,9630135;10,394
78;68332;2699;39,49359;66983;0,9579667;9,749
79;65633;2932;44,67743;64167;0,9525006;9,129
80;62701;3163;50,45335;61119;0,9462714;8,532
81;59537;3404;57,17785;57835;0,9389019;7,959
82;56133;3663;65,25611;54302;0,9306865;7,412
83;52470;3865;73,65407;50538;0,9216419;6,894
84;48606;4055;83,43617;46578;0,9119493;6,402
85;44550;4147;93,08529;42477;0,9009316;5,940
86;40403;4269;105,66561;38269;0,8880832;5,498
87;36134;4297;118,90664;33986;0,8731327;5,089
88;31837;4327;135,90228;29674;0,8574695;4,708
89;27511;4132;150,20110;25445;0,8421139;4,370
90;23378;3903;166,92947;21427;0,8241969;4,054
91;19476;3631;186,45491;17660;0,8066461;3,766
92;15845;3198;201,83410;14246;0,7938762;3,514
93;12647;2675;211,49817;11309;0,7819889;3,276
94;9972;2256;226,27103;8844;0,7658055;3,021
95;7716;1886;244,43510;6773;0,7376090;2,758
96;5830;1668;286,15586;4995;0,7027591;2,489
97;4161;1302;312,76953;3511;0,6740917;2,286
98;2860;987;345,02682;2366;0,6436184;2,099
99;1873;700;373,71783;1523;0,6156423;1,942
100;1173;471;401,34659;938;0,5899276;1,802
101;702;298;424,64817;553;0,5632345;1,675
102;404;185;457,82611;312;0,5303230;1,543
103;219;108;491,53517;165;0,4970202;1,423
104;111;59;525,48795;82;0,4636051;1,316
105;53;30;559,38056;38;0,4303640;1,220
106;23;14;592,91117;16;0,3975786;1,134
107;9;6;625,78299;7;0,3655194;1,057
108;4;2;657,72270;2;0,3344344;0,989
109;1;1;688,47933;1;0,3045471;0,928
110;0;0;717,83843;0;0,2760471;0,874
111;0;0;745,62296;0;0,2490890;0,827
112;0;0;771,69925;0;0,2237893;0,785
113;0;0;795,97171;0;0,2002300;0,748
114;0;0;818,38677;0;0,1784564;0,716
115;0;0;838,92560;0;0,1584832;0,687
116;0;0;857,60393;0;0,1402947;0,662
117;0;0;874,46281;0;0,1238525;0,641
118;0;0;889,56749;0;0,1090967;0,622
119;0;0;902,99923;0;0,0959527;0,606
